[[[54.0, 312.0], [137.0, 312.0], [137.0, 340.0], [54.0, 340.0]], '量优化', 0.9920398791631063]
[[[831.0, 317.0], [1053.0, 317.0], [1053.0, 343.0], [831.0, 343.0]], '全感位姿·TF·定位状态', 0.822924959162871]
[[[567.0, 334.0], [726.0, 334.0], [726.0, 354.0], [567.0, 354.0]], 'OBS DEGRADED', 0.9324135879675547]
[[[37.0, 344.0], [154.0, 342.0], [154.0, 369.0], [37.0, 371.0]], 'map-dom', 0.8467317777020591]
[[[288.0, 440.0], [466.0, 440.0], [466.0, 466.0], [288.0, 466.0]], '完整性监测与状态机', 0.8428844842645857]
[[[565.0, 432.0], [721.0, 436.0], [721.0, 462.0], [565.0, 459.0]], 'SUSPECTELOST', 0.9177528023719788]
[[[869.0, 435.0], [1024.0, 435.0], [1024.0, 461.0], [869.0, 461.0]], '统一启路/重定位', 0.9043807312846184]
[[[621.0, 546.0], [677.0, 546.0], [677.0, 570.0], [621.0, 570.0]], 'LOST', 0.8567261695861816]
[[[881.0, 546.0], [1010.0, 546.0], [1010.0, 572.0], [881.0, 572.0]], '协调的路', 0.5672629997134209]
[[[10.0, 856.0], [318.0, 856.0], [318.0, 913.0], [10.0, 913.0]], '因子图融合：', 0.9699301024278005]
