[[[612.0, 80.0], [1019.0, 69.0], [1022.0, 194.0], [616.0, 204.0]], 'ster居端', 0.8240562627712885]
[[[425.0, 90.0], [653.0, 94.0], [652.0, 151.0], [424.0, 148.0]], 'RoboMa', 0.9861295719941457]
[[[912.0, 312.0], [1038.0, 312.0], [1038.0, 336.0], [912.0, 336.0]], '状态投影与关', 0.8856610059738159]
[[[634.0, 326.0], [788.0, 326.0], [788.0, 353.0], [634.0, 353.0]], '里程计·注前点云', 0.9434354230761528]
[[[673.0, 428.0], [739.0, 428.0], [739.0, 456.0], [673.0, 456.0]], '先验图', 0.6161216298739115]
[[[907.0, 429.0], [1039.0, 429.0], [1039.0, 455.0], [907.0, 455.0]], 'Scan-o-mp', 0.8088168899218241]
[[[675.0, 533.0], [729.0, 533.0], [729.0, 558.0], [675.0, 558.0]], 'UWB', 0.9349381923675537]
[[[934.0, 531.0], [1028.0, 531.0], [1028.0, 558.0], [934.0, 558.0]], 'UWB爱利', 0.7075588166713714]
[[[647.0, 635.0], [747.0, 635.0], [747.0, 662.0], [647.0, 662.0]], '历史关提', 0.8282337337732315]
[[[935.0, 634.0], [1020.0, 634.0], [1020.0, 661.0], [935.0, 661.0]], '回环我期', 0.6086533255875111]
[[[612.0, 854.0], [1033.0, 854.0], [1033.0, 907.0], [612.0, 907.0]], '前端提供连续、高', 0.9878583326935768]
[[[605.0, 988.0], [1006.0, 988.0], [1006.0, 1044.0], [605.0, 1044.0]], '前端里程计约束', 0.9908579077039447]
[[[589.0, 1124.0], [1032.0, 1124.0], [1032.0, 1186.0], [589.0, 1186.0]], 'Scan-to-map约束：', 0.9774813609463828]
[[[716.0, 1259.0], [1037.0, 1265.0], [1036.0, 1326.0], [715.0, 1319.0]], '约束：提供狂', 0.9546676576137543]
[[[303.0, 1672.0], [574.0, 1678.0], [573.0, 1724.0], [302.0, 1719.0]], 'Q1人正在看', 0.9579392969608307]
