[[[7.0, 273.0], [1116.0, 273.0], [1116.0, 324.0], [7.0, 324.0]], '的思路作为前端的主体，因为其在imu不足够', 0.9907806260245187]
[[[8.0, 338.0], [366.0, 338.0], [366.0, 391.0], [8.0, 391.0]], '发布频率拉高', 0.9973670840263367]
[[[289.0, 724.0], [528.0, 727.0], [528.0, 771.0], [289.0, 768.0]], 'Map:ikd-Tree', 0.9820320258537928]
[[[671.0, 744.0], [888.0, 744.0], [888.0, 809.0], [671.0, 809.0]], 'System', 0.9898766279220581]
[[[63.0, 755.0], [272.0, 760.0], [271.0, 797.0], [62.0, 791.0]], 'Pointto Map', 0.9456701387058605]
[[[675.0, 816.0], [952.0, 816.0], [952.0, 866.0], [675.0, 866.0]], 'Oueruiew', 0.9459003061056137]
[[[210.0, 972.0], [440.0, 974.0], [440.0, 1021.0], [210.0, 1019.0]], 'State Update', 0.9809455821911494]
[[[695.0, 1108.0], [1014.0, 1111.0], [1014.0, 1154.0], [695.0, 1151.0]], 'OdometryOutput', 0.9945008967603955]
[[[757.0, 1191.0], [958.0, 1195.0], [958.0, 1237.0], [757.0, 1234.0]], '~4-8kHz', 0.9467835256031581]
[[[197.0, 1227.0], [428.0, 1231.0], [427.0, 1275.0], [196.0, 1271.0]], 'State Update', 0.9776991258064905]
