[[[13.0, 76.0], [469.0, 73.0], [469.0, 188.0], [13.0, 191.0]], '域国适应', 0.8535276055335999]
[[[10.0, 321.0], [1111.0, 320.0], [1111.0, 370.0], [10.0, 371.0]], '0通常采用固定帧长或固定点数进行更新，但', 0.9715902119874954]
[[[10.0, 389.0], [685.0, 386.0], [685.0, 434.0], [10.0, 438.0]], '时兼顾估计精度和更新延迟', 0.9792161534229914]
[[[11.0, 453.0], [1112.0, 452.0], [1112.0, 502.0], [11.0, 503.0]], '思路是：根据上一窗口实际带来的状态不确定', 0.9881948947906494]
[[[10.0, 566.0], [365.0, 566.0], [365.0, 619.0], [10.0, 619.0]], '位点信息收益：', 0.9903274604252407]
[[[620.0, 573.0], [694.0, 573.0], [694.0, 614.0], [620.0, 614.0]], '△R', 0.8941866457462311]
[[[638.0, 638.0], [666.0, 638.0], [666.0, 663.0], [638.0, 663.0]], 'N', 0.9951364398002625]
[[[8.0, 768.0], [1115.0, 772.0], [1115.0, 824.0], [8.0, 820.0]], 'AR表示本窗口消除的状态不确定性，N为窗口', 0.9672712825593495]
[[[8.0, 887.0], [760.0, 889.0], [760.0, 941.0], [8.0, 939.0]], '精度和更新延迟之间进行权衡：', 0.9812318767820086]
[[[841.0, 929.0], [1008.0, 948.0], [1001.0, 1003.0], [834.0, 983.0]], 'J(N)=', 0.879250168800354]
[[[996.0, 965.0], [1056.0, 974.0], [1049.0, 1019.0], [989.0, 1009.0]], 'N', 0.851784348487854]
[[[458.0, 1196.0], [549.0, 1196.0], [549.0, 1244.0], [458.0, 1244.0]], 'N*', 0.9670732319355011]
[[[10.0, 1211.0], [326.0, 1213.0], [326.0, 1267.0], [10.0, 1265.0]], '优窗口长度：', 0.9960577388604482]
